10
72 74
7 29 51 54 24 27 70 46 49 21 1 65 10 11 4 63 69 30 43 32 71 33 3 40 14 12 31 39 26 48 13 67 64 34 17 36 16 58 6 5 15 35 9 56 55 25 61 50 22 45 72 57 47 53 44 37 62 20 38 8 18 28 23 42 66 59 41 2 60 52 68 19
36 29 2 54 21 48 72 26 41 24 39 65 10 51 4 63 47 45 31 32 18 15 3 61 14 37 53 1 25 27 5 67 49 60 11 7 46 43 68 9 33 16 44 56 13 50 40 35 20 30 6 59 69 58 55 12 62 22 70 8 64 34 23 42 66 71 57 38 28 52 17 19
3 67
12 32
39 69
45 65
62 71
26 59
22 41
37 42
25 30
51 67
19 27
7 67
16 32
29 37
35 62
24 47
35 71
19 54
69 71
4 57
33 52
9 52
52 61
17 53
12 36
2 15
47 63
63 72
34 71
31 65
34 35
14 51
15 53
1 32
25 70
11 23
5 10
8 48
30 70
20 23
12 16
37 48
2 53
38 54
20 28
5 60
1 12
3 51
19 38
62 69
49 64
40 43
16 36
33 61
18 50
56 59
6 25
41 46
35 69
39 71
24 63
21 61
44 57
8 37
39 62
43 55
51 68
40 55
4 44
27 38
49 58
31 45
9 33
27 54
82 49
40 9 58 59 20 68 49 43 7 19 52 23 14 24 63 30 55 6 79 51 61 31 60 71 29 32 8 72 56 77 41 2 44 12 27 54 3 28 36 69 17 66 33 1 46 5 53 26 39 78 62 4 80 22 76 25 18 10 74 15 35 73 82 64 42 21 45 48 67 47 34 65 38 11 13 50 81 37 75 70 57 16
51 9 58 27 20 68 49 43 7 11 53 23 14 24 21 65 8 57 75 28 61 60 40 71 34 32 55 72 56 77 47 46 44 4 59 54 42 16 36 62 17 66 33 12 2 41 52 26 39 78 74 6 80 22 76 67 18 10 69 15 35 73 82 64 3 63 45 19 25 5 29 30 38 48 13 50 81 37 79 70 31 1
41 53
4 35
14 82
5 60
18 38
19 79
1 23
37 65
30 81
4 58
11 47
34 44
40 51
61 75
36 56
63 73
48 58
24 31
40 59
16 57
8 43
22 23
51 59
6 46
38 44
15 66
36 69
34 52
28 60
3 41
17 27
35 58
8 71
5 28
15 80
11 64
54 70
4 48
25 71
18 44
32 45
10 74
18 52
33 55
56 69
57 72
16 72
66 80
25 43
69 99
43 35 28 2 37 49 10 54 36 29 66 56 32 9 21 50 61 52 16 26 40 46 68 6 55 13 27 33 1 30 58 67 25 22 38 23 42 7 62 69 3 14 57 8 51 41 59 60 39 53 47 45 63 17 15 31 18 44 12 65 19 64 4 34 11 24 48 5 20
30 14 55 44 4 63 5 15 7 61 47 45 12 59 9 43 16 65 22 34 46 6 24 3 38 18 13 64 35 56 69 28 41 68 58 27 29 20 32 67 21 31 36 8 10 50 66 1 19 57 49 53 54 42 39 33 11 60 26 2 25 51 40 17 52 37 23 62 48
29 46
18 48
24 25
32 35
26 44
9 53
20 22
42 49
57 58
59 68
21 68
33 49
31 59
54 62
32 57
22 64
30 60
29 42
4 42
18 50
67 69
22 46
24 47
7 48
13 65
13 47
13 57
38 47
24 49
10 19
34 38
9 25
27 40
17 37
53 55
8 38
24 41
12 34
42 64
10 30
12 63
39 68
15 68
44 67
14 57
3 44
5 53
41 53
2 46
4 24
41 61
31 34
1 6
33 40
13 18
5 69
29 54
20 37
34 57
32 36
37 49
43 46
24 53
2 13
35 48
25 49
23 48
4 48
22 56
17 24
60 64
1 53
6 45
17 66
27 59
8 11
18 63
4 45
39 59
16 50
4 31
13 38
54 59
37 69
8 18
55 67
42 60
61 69
20 52
18 19
39 53
4 44
32 65
14 18
20 25
58 59
45 51
18 66
8 28
57 69
48 3 50 36 43 11 37 13 14 31 20 25 21 17 54 39 24 23 27 16 19 35 18 32 38 30 45 29 55 47 12 57 28 46 51 4 40 49 15 7 34 56 33 53 52 6 26 5 10 44 2 9 1 22 8 42 41
42 25 12 36 32 38 28 27 19 31 8 45 5 35 4 41 30 10 57 37 24 56 34 18 11 16 54 13 33 44 21 29 20 17 7 40 3 49 15 2 53 46 52 43 22 6 26 55 23 39 48 51 1 14 50 9 47
34 42
24 41
6 36
14 34
4 15
1 51
3 54
39 43
13 45
22 34
9 26
23 24
3 45
7 26
16 30
11 33
31 45
40 56
47 50
30 38
38 57
19 32
26 55
25 37
31 54
13 31
47 57
10 51
18 49
2 46
4 43
9 33
3 13
34 53
35 40
16 47
17 21
23 41
8 19
10 40
8 32
14 22
8 28
16 38
9 20
35 51
23 44
29 43
15 43
41 44
1 10
20 55
12 49
36 37
1 56
10 52
2 12
51 52
7 55
28 32
27 37
46 49
13 54
25 27
5 23
42 53
27 36
22 42
15 39
14 10
9 11 8 4 13 12 6 3 14 7 2 10 1 5
14 13 11 8 12 9 6 2 1 10 3 7 4 5
4 12
5 6
3 4
8 11
4 13
3 12
10 14
7 9
3 13
12 13
52 71
40 16 44 49 26 43 28 5 31 24 27 3 41 10 20 32 22 21 23 29 45 12 9 6 35 25 34 4 7 17 51 11 14 1 39 52 30 36 37 33 13 18 15 46 2 42 8 19 38 50 48 47
40 23 42 46 41 9 48 5 50 11 4 38 13 3 15 44 35 25 16 43 27 30 20 12 22 49 10 19 7 29 34 24 21 45 28 52 6 36 37 8 33 18 17 14 2 32 26 47 39 31 51 1
28 48
18 26
20 23
25 29
10 26
17 42
39 40
14 35
22 37
13 39
15 23
7 49
23 43
5 41
1 30
16 46
10 32
17 25
38 50
2 46
21 28
14 31
4 44
11 52
10 33
39 47
19 36
3 45
1 20
5 47
2 3
34 52
27 35
7 51
18 32
20 30
41 47
19 46
27 49
12 27
29 42
2 45
1 43
24 37
15 20
11 28
28 34
30 43
22 24
13 40
6 43
13 41
31 49
9 50
4 10
17 29
10 44
3 36
4 18
7 31
4 33
27 51
18 33
6 23
31 51
11 21
21 48
9 38
2 16
25 42
12 35
58 41
22 9 21 4 38 30 17 56 52 18 57 31 12 51 46 32 2 14 20 54 33 8 37 1 44 53 13 40 58 25 34 23 48 28 43 19 41 3 10 27 55 16 6 5 29 26 36 50 45 15 35 39 42 49 24 11 7 47
53 39 16 4 5 30 41 10 13 35 57 12 31 51 43 32 40 14 20 49 44 58 37 55 6 18 1 23 50 25 34 11 48 28 33 19 17 3 56 27 52 21 46 38 29 26 7 45 9 24 22 8 42 54 15 2 36 47
32 56
8 39
21 25
23 42
12 13
36 46
50 55
9 27
8 30
29 49
25 35
14 33
20 54
17 28
10 51
3 32
9 45
5 52
23 32
1 10
7 37
26 57
30 39
38 58
15 21
2 22
16 18
25 44
2 53
15 44
22 53
27 45
9 24
9 41
3 42
1 51
48 49
31 55
3 23
24 27
15 25
59 53
18 2 26 32 5 10 25 30 36 38 33 21 56 7 4 15 28 16 19 17 44 49 9 55 23 12 22 29 34 37 39 8 41 14 52 11 50 24 51 27 6 1 45 46 3 57 47 48 59 13 40 53 58 20 42 43 31 54 35
37 19 59 2 6 10 25 21 38 43 47 36 56 51 54 24 28 20 12 45 44 49 9 13 11 14 22 29 34 18 16 8 3 32 52 23 50 30 46 27 5 1 17 42 15 57 31 48 26 55 40 53 39 4 33 58 7 41 35
25 52
14 47
43 46
24 50
33 58
22 23
48 54
21 35
29 37
47 57
12 20
13 42
14 57
11 47
10 46
8 18
20 31
7 53
53 56
3 42
42 49
3 13
34 50
1 30
5 28
38 48
39 44
6 39
9 27
15 45
31 46
10 12
6 44
39 55
15 58
24 34
2 4
28 41
11 57
31 43
19 26
25 36
16 45
16 58
9 40
5 41
10 31
33 45
38 54
26 34
6 55
27 40
12 31
47 60
14 25 7 35 4 38 6 10 30 40 45 24 16 5 39 36 23 46 28 42 29 26 18 1 21 8 17 44 12 32 27 3 34 13 20 9 47 15 22 31 19 37 33 41 11 43 2
14 44 25 4 30 24 40 35 11 6 7 46 16 5 39 36 1 38 19 42 23 15 12 28 47 8 17 3 18 32 27 31 34 10 20 29 33 9 22 21 26 37 45 13 41 43 2
20 21
11 26
7 10
25 32
11 44
19 22
33 45
1 39
9 45
34 43
14 22
4 44
9 39
30 42
6 23
36 38
13 40
6 12
17 47
15 30
1 33
18 29
4 26
15 42
5 8
13 25
12 18
1 9
14 24
2 34
8 13
22 24
7 27
23 29
33 39
16 46
28 43
9 33
28 34
12 29
17 38
39 45
10 27
4 11
19 41
24 41
2 28
17 21
17 20
38 47
26 44
2 43
12 23
18 23
1 45
25 40
37 43
14 19
3 25
3 40
87 92
21 22 38 85 52 33 5 15 17 42 46 13 14 75 35 74 55 58 50 3 20 4 51 77 59 12 71 37 67 81 60 10 27 84 47 86 18 79 76 39 9 57 62 53 70 25 34 54 63 69 72 26 31 56 19 68 40 24 28 1 41 61 11 30 16 7 49 43 66 87 80 65 78 64 44 23 82 32 83 2 36 29 45 8 48 73 6
15 22 79 28 61 69 77 53 17 16 32 7 80 54 83 62 43 67 36 3 20 33 51 78 52 18 14 37 58 41 60 39 27 38 56 86 21 45 25 64 23 55 74 12 87 13 75 40 85 4 30 47 44 65 31 68 34 66 63 10 81 59 70 50 29 76 49 2 24 11 71 73 48 8 19 9 82 72 35 57 46 5 1 84 42 26 6
43 46
12 43
37 69
53 54
45 63
43 66
13 20
18 68
5 21
27 85
14 56
8 44
9 67
47 57
55 72
3 83
14 47
6 30
53 75
44 58
23 39
19 87
15 30
38 84
40 84
41 76
35 54
60 84
33 56
14 57
11 81
32 40
20 85
58 77
40 74
10 65
33 48
63 70
34 83
36 81
34 60
1 58
52 54
18 49
16 39
37 58
42 49
24 85
22 30
9 41
74 84
47 56
21 28
15 61
26 77
3 32
10 71
42 80
6 50
32 84
11 19
36 78
41 67
35 72
10 13
59 80
64 81
31 70
11 78
5 28
2 48
39 43
4 49
34 40
54 86
11 51
30 79
52 72
35 75
5 25
29 59
65 82
71 73
32 83
23 46
27 71
21 62
7 85
4 29
6 61
17 49
18 59